1  2 -60.0
1  5 -64.0

2  1 -60.0
2  3 -64.0
2  5 -60.0
2  6 -60.0

3  2 -64.0
3  4 -64.0
3  6 -64.0
3  7 -64.0

4  3 -64.0
4  7 -54.0
4  8 -55.0

5  1 -64.0
5  2 -60.0
5  6 -64.0
5  9 -64.0

6  2 -60.0
6  3 -64.0
6  5 -64.0
6  7 -64.0
6  9 -64.0
6  10 -64.0

7  3 -64.0
7  4 -54.0
7  6 -64.0
7  8 -60.0
7  10 -64.0
7  11 -64.0

8  4 -55.0
8  7 -60.0
8  11 -64.0
8  12 -64.0

9  5 -64.0
9  6 -64.0
9  10 -54.0

10  6 -64.0
10  7 -64.0
10  9 -54.0
10  11 -64.0

11  7 -64.0
11  8 -64.0
11  10 -64.0
11  12 -64.0

12  8 -64.0
12  11 -64.0
